 Intrinsic of "Depth" / 640x480 / {Z16}
  Width:      	640
  Height:     	480
  PPX:        	321.867858886719
  PPY:        	247.683898925781
  Fx:         	382.681243896484
  Fy:         	382.681243896484
  Distortion: 	Brown Conrady
  Coeffs:     	0  	0  	0  	0  	0  
  FOV (deg):  	79.8 x 64.17

